image: /home/turtlebot/BJ/map/map.pgm
resolution: 0.050000
origin: [-44.000000, -11.500000, 0.000000]
negate: 0
occupied_thresh: 0.65
free_thresh: 0.196

